 92 84 76 68 60 52 44
 92 84 76 68 60 52 40
 92 84 76 68 60 48 40
 92 84 76 68 60 48 36
 92 84 76 68 56 48 40
 92 84 76 68 56 48 36
 92 84 76 68 56 44 36
 92 84 76 68 56 44 32
 92 84 76 64 56 48 40
 92 84 76 64 56 48 36
 92 84 76 64 56 44 36
 92 84 76 64 56 44 32
 92 84 76 64 52 44 36
 92 84 76 64 52 44 32
 92 84 76 64 52 40 32
 92 84 76 64 52 40 28
 92 84 72 64 56 48 40
 92 84 72 64 56 48 36
 92 84 72 64 56 44 36
 92 84 72 64 56 44 32
 92 84 72 64 52 44 36
 92 84 72 64 52 44 32
 92 84 72 64 52 40 32
 92 84 72 64 52 40 28
 92 84 72 60 52 44 36
 92 84 72 60 52 44 32
 92 84 72 60 52 40 32
 92 84 72 60 52 40 28
 92 84 72 60 48 40 32
 92 84 72 60 48 40 28
 92 84 72 60 48 36 28
 92 84 72 60 48 36 24
 92 80 72 64 56 48 40
 92 80 72 64 56 48 36
 92 80 72 64 56 44 36
 92 80 72 64 56 44 32
 92 80 72 64 52 44 36
 92 80 72 64 52 44 32
 92 80 72 64 52 40 32
 92 80 72 64 52 40 28
 92 80 72 60 52 44 36
 92 80 72 60 52 44 32
 92 80 72 60 52 40 32
 92 80 72 60 52 40 28
 92 80 72 60 48 40 32
 92 80 72 60 48 40 28
 92 80 72 60 48 36 28
 92 80 72 60 48 36 24
 92 80 68 60 52 44 36
 92 80 68 60 52 44 32
 92 80 68 60 52 40 32
 92 80 68 60 52 40 28
 92 80 68 60 48 40 32
 92 80 68 60 48 40 28
 92 80 68 60 48 36 28
 92 80 68 60 48 36 24
 92 80 68 56 48 40 32
 92 80 68 56 48 40 28
 92 80 68 56 48 36 28
 92 80 68 56 48 36 24
 92 80 68 56 44 36 28
 92 80 68 56 44 36 24
 92 80 68 56 44 32 24
 92 80 68 56 44 32 20
 88 80 72 64 56 48 40
 88 80 72 64 56 48 36
 88 80 72 64 56 44 36
 88 80 72 64 56 44 32
 88 80 72 64 52 44 36
 88 80 72 64 52 44 32
 88 80 72 64 52 40 32
 88 80 72 64 52 40 28
 88 80 72 60 52 44 36
 88 80 72 60 52 44 32
 88 80 72 60 52 40 32
 88 80 72 60 52 40 28
 88 80 72 60 48 40 32
 88 80 72 60 48 40 28
 88 80 72 60 48 36 28
 88 80 72 60 48 36 24
 88 80 68 60 52 44 36
 88 80 68 60 52 44 32
 88 80 68 60 52 40 32
 88 80 68 60 52 40 28
 88 80 68 60 48 40 32
 88 80 68 60 48 40 28
 88 80 68 60 48 36 28
 88 80 68 60 48 36 24
 88 80 68 56 48 40 32
 88 80 68 56 48 40 28
 88 80 68 56 48 36 28
 88 80 68 56 48 36 24
 88 80 68 56 44 36 28
 88 80 68 56 44 36 24
 88 80 68 56 44 32 24
 88 80 68 56 44 32 20
 88 76 68 60 52 44 36
 88 76 68 60 52 44 32
 88 76 68 60 52 40 32
 88 76 68 60 52 40 28
 88 76 68 60 48 40 32
 88 76 68 60 48 40 28
 88 76 68 60 48 36 28
 88 76 68 60 48 36 24
 88 76 68 56 48 40 32
 88 76 68 56 48 40 28
 88 76 68 56 48 36 28
 88 76 68 56 48 36 24
 88 76 68 56 44 36 28
 88 76 68 56 44 36 24
 88 76 68 56 44 32 24
 88 76 68 56 44 32 20
 88 76 64 56 48 40 32
 88 76 64 56 48 40 28
 88 76 64 56 48 36 28
 88 76 64 56 48 36 24
 88 76 64 56 44 36 28
 88 76 64 56 44 36 24
 88 76 64 56 44 32 24
 88 76 64 56 44 32 20
 88 76 64 52 44 36 28
 88 76 64 52 44 36 24
 88 76 64 52 44 32 24
 88 76 64 52 44 32 20
 88 76 64 52 40 32 24
 88 76 64 52 40 32 20
 88 76 64 52 40 28 20
 88 76 64 52 40 28 16