 2.702703 2.173913 1.818182 1.562500 1.369863 1.219512 1.098901 
 2.873563 2.173913 1.818182 1.562500 1.369863 1.219512 1.098901 
 3.076923 2.173913 1.818182 1.562500 1.369863 1.219512 1.098901 
 2.873563 2.283105 1.818182 1.562500 1.369863 1.219512 1.098901 
 3.067485 2.283105 1.818182 1.562500 1.369863 1.219512 1.098901 
 3.300330 2.283105 1.818182 1.562500 1.369863 1.219512 1.098901 
 3.076923 2.409639 1.818182 1.562500 1.369863 1.219512 1.098901 
 3.300330 2.409639 1.818182 1.562500 1.369863 1.219512 1.098901 
 3.571429 2.409639 1.818182 1.562500 1.369863 1.219512 1.098901 
 2.873563 2.283105 1.893939 1.562500 1.369863 1.219512 1.098901 
 3.067485 2.283105 1.893939 1.562500 1.369863 1.219512 1.098901 
 3.300330 2.283105 1.893939 1.562500 1.369863 1.219512 1.098901 
 3.067485 2.403846 1.893939 1.562500 1.369863 1.219512 1.098901 
 3.289474 2.403846 1.893939 1.562500 1.369863 1.219512 1.098901 
 3.558719 2.403846 1.893939 1.562500 1.369863 1.219512 1.098901 
 3.300330 2.544529 1.893939 1.562500 1.369863 1.219512 1.098901 
 3.558719 2.544529 1.893939 1.562500 1.369863 1.219512 1.098901 
 3.076923 2.409639 1.980198 1.562500 1.369863 1.219512 1.098901 
 3.300330 2.409639 1.980198 1.562500 1.369863 1.219512 1.098901 
 3.571429 2.409639 1.980198 1.562500 1.369863 1.219512 1.098901 
 3.300330 2.544529 1.980198 1.562500 1.369863 1.219512 1.098901 
 3.558719 2.544529 1.980198 1.562500 1.369863 1.219512 1.098901 
 3.571429 2.702703 1.980198 1.562500 1.369863 1.219512 1.098901 
 2.873563 2.283105 1.893939 1.618123 1.369863 1.219512 1.098901 
 3.067485 2.283105 1.893939 1.618123 1.369863 1.219512 1.098901 
 3.300330 2.283105 1.893939 1.618123 1.369863 1.219512 1.098901 
 3.067485 2.403846 1.893939 1.618123 1.369863 1.219512 1.098901 
 3.289474 2.403846 1.893939 1.618123 1.369863 1.219512 1.098901 
 3.558719 2.403846 1.893939 1.618123 1.369863 1.219512 1.098901 
 3.300330 2.544529 1.893939 1.618123 1.369863 1.219512 1.098901 
 3.558719 2.544529 1.893939 1.618123 1.369863 1.219512 1.098901 
 3.067485 2.403846 1.976285 1.618123 1.369863 1.219512 1.098901 
 3.289474 2.403846 1.976285 1.618123 1.369863 1.219512 1.098901 
 3.558719 2.403846 1.976285 1.618123 1.369863 1.219512 1.098901 
 3.289474 2.538071 1.976285 1.618123 1.369863 1.219512 1.098901 
 3.546099 2.538071 1.976285 1.618123 1.369863 1.219512 1.098901 
 3.558719 2.695418 1.976285 1.618123 1.369863 1.219512 1.098901 
 3.300330 2.544529 2.070393 1.618123 1.369863 1.219512 1.098901 
 3.558719 2.544529 2.070393 1.618123 1.369863 1.219512 1.098901 
 3.558719 2.695418 2.070393 1.618123 1.369863 1.219512 1.098901 
 3.076923 2.409639 1.980198 1.680672 1.369863 1.219512 1.098901 
 3.300330 2.409639 1.980198 1.680672 1.369863 1.219512 1.098901 
 3.571429 2.409639 1.980198 1.680672 1.369863 1.219512 1.098901 
 3.300330 2.544529 1.980198 1.680672 1.369863 1.219512 1.098901 
 3.558719 2.544529 1.980198 1.680672 1.369863 1.219512 1.098901 
 3.571429 2.702703 1.980198 1.680672 1.369863 1.219512 1.098901 
 3.300330 2.544529 2.070393 1.680672 1.369863 1.219512 1.098901 
 3.558719 2.544529 2.070393 1.680672 1.369863 1.219512 1.098901 
 3.558719 2.695418 2.070393 1.680672 1.369863 1.219512 1.098901 
 3.571429 2.702703 2.173913 1.680672 1.369863 1.219512 1.098901 
 2.873563 2.283105 1.893939 1.618123 1.412429 1.219512 1.098901 
 3.067485 2.283105 1.893939 1.618123 1.412429 1.219512 1.098901 
 3.300330 2.283105 1.893939 1.618123 1.412429 1.219512 1.098901 
 3.067485 2.403846 1.893939 1.618123 1.412429 1.219512 1.098901 
 3.289474 2.403846 1.893939 1.618123 1.412429 1.219512 1.098901 
 3.558719 2.403846 1.893939 1.618123 1.412429 1.219512 1.098901 
 3.300330 2.544529 1.893939 1.618123 1.412429 1.219512 1.098901 
 3.558719 2.544529 1.893939 1.618123 1.412429 1.219512 1.098901 
 3.067485 2.403846 1.976285 1.618123 1.412429 1.219512 1.098901 
 3.289474 2.403846 1.976285 1.618123 1.412429 1.219512 1.098901 
 3.558719 2.403846 1.976285 1.618123 1.412429 1.219512 1.098901 
 3.289474 2.538071 1.976285 1.618123 1.412429 1.219512 1.098901 
 3.546099 2.538071 1.976285 1.618123 1.412429 1.219512 1.098901 
 3.558719 2.695418 1.976285 1.618123 1.412429 1.219512 1.098901 
 3.300330 2.544529 2.070393 1.618123 1.412429 1.219512 1.098901 
 3.558719 2.544529 2.070393 1.618123 1.412429 1.219512 1.098901 
 3.558719 2.695418 2.070393 1.618123 1.412429 1.219512 1.098901 
 3.067485 2.403846 1.976285 1.677852 1.412429 1.219512 1.098901 
 3.289474 2.403846 1.976285 1.677852 1.412429 1.219512 1.098901 
 3.558719 2.403846 1.976285 1.677852 1.412429 1.219512 1.098901 
 3.289474 2.538071 1.976285 1.677852 1.412429 1.219512 1.098901 
 3.546099 2.538071 1.976285 1.677852 1.412429 1.219512 1.098901 
 3.558719 2.695418 1.976285 1.677852 1.412429 1.219512 1.098901 
 3.289474 2.538071 2.066116 1.677852 1.412429 1.219512 1.098901 
 3.546099 2.538071 2.066116 1.677852 1.412429 1.219512 1.098901 
 3.546099 2.688172 2.066116 1.677852 1.412429 1.219512 1.098901 
 3.846154 2.688172 2.066116 1.677852 1.412429 1.219512 1.098901 
 3.558719 2.695418 2.169197 1.677852 1.412429 1.219512 1.098901 
 3.300330 2.544529 2.070393 1.745201 1.412429 1.219512 1.098901 
 3.558719 2.544529 2.070393 1.745201 1.412429 1.219512 1.098901 
 3.558719 2.695418 2.070393 1.745201 1.412429 1.219512 1.098901 
 3.558719 2.695418 2.169197 1.745201 1.412429 1.219512 1.098901 
 3.076923 2.409639 1.980198 1.680672 1.459854 1.219512 1.098901 
 3.300330 2.409639 1.980198 1.680672 1.459854 1.219512 1.098901 
 3.571429 2.409639 1.980198 1.680672 1.459854 1.219512 1.098901 
 3.300330 2.544529 1.980198 1.680672 1.459854 1.219512 1.098901 
 3.558719 2.544529 1.980198 1.680672 1.459854 1.219512 1.098901 
 3.571429 2.702703 1.980198 1.680672 1.459854 1.219512 1.098901 
 3.300330 2.544529 2.070393 1.680672 1.459854 1.219512 1.098901 
 3.558719 2.544529 2.070393 1.680672 1.459854 1.219512 1.098901 
 3.558719 2.695418 2.070393 1.680672 1.459854 1.219512 1.098901 
 3.571429 2.702703 2.173913 1.680672 1.459854 1.219512 1.098901 
 3.300330 2.544529 2.070393 1.745201 1.459854 1.219512 1.098901 
 3.558719 2.544529 2.070393 1.745201 1.459854 1.219512 1.098901 
 3.558719 2.695418 2.070393 1.745201 1.459854 1.219512 1.098901 
 3.558719 2.695418 2.169197 1.745201 1.459854 1.219512 1.098901 
 3.571429 2.702703 2.173913 1.818182 1.459854 1.219512 1.098901 
 2.873563 2.283105 1.893939 1.618123 1.412429 1.253133 1.098901 
 3.067485 2.283105 1.893939 1.618123 1.412429 1.253133 1.098901 
 3.300330 2.283105 1.893939 1.618123 1.412429 1.253133 1.098901 
 3.067485 2.403846 1.893939 1.618123 1.412429 1.253133 1.098901 
 3.289474 2.403846 1.893939 1.618123 1.412429 1.253133 1.098901 
 3.558719 2.403846 1.893939 1.618123 1.412429 1.253133 1.098901 
 3.300330 2.544529 1.893939 1.618123 1.412429 1.253133 1.098901 
 3.558719 2.544529 1.893939 1.618123 1.412429 1.253133 1.098901 
 3.067485 2.403846 1.976285 1.618123 1.412429 1.253133 1.098901 
 3.289474 2.403846 1.976285 1.618123 1.412429 1.253133 1.098901 
 3.558719 2.403846 1.976285 1.618123 1.412429 1.253133 1.098901 
 3.289474 2.538071 1.976285 1.618123 1.412429 1.253133 1.098901 
 3.546099 2.538071 1.976285 1.618123 1.412429 1.253133 1.098901 
 3.558719 2.695418 1.976285 1.618123 1.412429 1.253133 1.098901 
 3.300330 2.544529 2.070393 1.618123 1.412429 1.253133 1.098901 
 3.558719 2.544529 2.070393 1.618123 1.412429 1.253133 1.098901 
 3.558719 2.695418 2.070393 1.618123 1.412429 1.253133 1.098901 
 3.067485 2.403846 1.976285 1.677852 1.412429 1.253133 1.098901 
 3.289474 2.403846 1.976285 1.677852 1.412429 1.253133 1.098901 
 3.558719 2.403846 1.976285 1.677852 1.412429 1.253133 1.098901 
 3.289474 2.538071 1.976285 1.677852 1.412429 1.253133 1.098901 
 3.546099 2.538071 1.976285 1.677852 1.412429 1.253133 1.098901 
 3.558719 2.695418 1.976285 1.677852 1.412429 1.253133 1.098901 
 3.289474 2.538071 2.066116 1.677852 1.412429 1.253133 1.098901 
 3.546099 2.538071 2.066116 1.677852 1.412429 1.253133 1.098901 
 3.546099 2.688172 2.066116 1.677852 1.412429 1.253133 1.098901 
 3.846154 2.688172 2.066116 1.677852 1.412429 1.253133 1.098901 
 3.558719 2.695418 2.169197 1.677852 1.412429 1.253133 1.098901 
 3.300330 2.544529 2.070393 1.745201 1.412429 1.253133 1.098901 
 3.558719 2.544529 2.070393 1.745201 1.412429 1.253133 1.098901 
 3.558719 2.695418 2.070393 1.745201 1.412429 1.253133 1.098901 
 3.558719 2.695418 2.169197 1.745201 1.412429 1.253133 1.098901 
 3.067485 2.403846 1.976285 1.677852 1.457726 1.253133 1.098901 
 3.289474 2.403846 1.976285 1.677852 1.457726 1.253133 1.098901 
 3.558719 2.403846 1.976285 1.677852 1.457726 1.253133 1.098901 
 3.289474 2.538071 1.976285 1.677852 1.457726 1.253133 1.098901 
 3.546099 2.538071 1.976285 1.677852 1.457726 1.253133 1.098901 
 3.558719 2.695418 1.976285 1.677852 1.457726 1.253133 1.098901 
 3.289474 2.538071 2.066116 1.677852 1.457726 1.253133 1.098901 
 3.546099 2.538071 2.066116 1.677852 1.457726 1.253133 1.098901 
 3.546099 2.688172 2.066116 1.677852 1.457726 1.253133 1.098901 
 3.846154 2.688172 2.066116 1.677852 1.457726 1.253133 1.098901 
 3.558719 2.695418 2.169197 1.677852 1.457726 1.253133 1.098901 
 3.289474 2.538071 2.066116 1.742160 1.457726 1.253133 1.098901 
 3.546099 2.538071 2.066116 1.742160 1.457726 1.253133 1.098901 
 3.546099 2.688172 2.066116 1.742160 1.457726 1.253133 1.098901 
 3.846154 2.688172 2.066116 1.742160 1.457726 1.253133 1.098901 
 3.546099 2.688172 2.164502 1.742160 1.457726 1.253133 1.098901 
 3.846154 2.688172 2.164502 1.742160 1.457726 1.253133 1.098901 
 3.846154 2.857143 2.164502 1.742160 1.457726 1.253133 1.098901 
 3.558719 2.695418 2.169197 1.814882 1.457726 1.253133 1.098901 
 3.300330 2.544529 2.070393 1.745201 1.508296 1.253133 1.098901 
 3.558719 2.544529 2.070393 1.745201 1.508296 1.253133 1.098901 
 3.558719 2.695418 2.070393 1.745201 1.508296 1.253133 1.098901 
 3.558719 2.695418 2.169197 1.745201 1.508296 1.253133 1.098901 
 3.558719 2.695418 2.169197 1.814882 1.508296 1.253133 1.098901 
 3.076923 2.409639 1.980198 1.680672 1.459854 1.290323 1.098901 
 3.300330 2.409639 1.980198 1.680672 1.459854 1.290323 1.098901 
 3.571429 2.409639 1.980198 1.680672 1.459854 1.290323 1.098901 
 3.300330 2.544529 1.980198 1.680672 1.459854 1.290323 1.098901 
 3.558719 2.544529 1.980198 1.680672 1.459854 1.290323 1.098901 
 3.571429 2.702703 1.980198 1.680672 1.459854 1.290323 1.098901 
 3.300330 2.544529 2.070393 1.680672 1.459854 1.290323 1.098901 
 3.558719 2.544529 2.070393 1.680672 1.459854 1.290323 1.098901 
 3.558719 2.695418 2.070393 1.680672 1.459854 1.290323 1.098901 
 3.571429 2.702703 2.173913 1.680672 1.459854 1.290323 1.098901 
 3.300330 2.544529 2.070393 1.745201 1.459854 1.290323 1.098901 
 3.558719 2.544529 2.070393 1.745201 1.459854 1.290323 1.098901 
 3.558719 2.695418 2.070393 1.745201 1.459854 1.290323 1.098901 
 3.558719 2.695418 2.169197 1.745201 1.459854 1.290323 1.098901 
 3.571429 2.702703 2.173913 1.818182 1.459854 1.290323 1.098901 
 3.300330 2.544529 2.070393 1.745201 1.508296 1.290323 1.098901 
 3.558719 2.544529 2.070393 1.745201 1.508296 1.290323 1.098901 
 3.558719 2.695418 2.070393 1.745201 1.508296 1.290323 1.098901 
 3.558719 2.695418 2.169197 1.745201 1.508296 1.290323 1.098901 
 3.558719 2.695418 2.169197 1.814882 1.508296 1.290323 1.098901 
 3.571429 2.702703 2.173913 1.818182 1.562500 1.290323 1.098901 
 2.873563 2.283105 1.893939 1.618123 1.412429 1.253133 1.126126 
 3.067485 2.283105 1.893939 1.618123 1.412429 1.253133 1.126126 
 3.300330 2.283105 1.893939 1.618123 1.412429 1.253133 1.126126 
 3.067485 2.403846 1.893939 1.618123 1.412429 1.253133 1.126126 
 3.289474 2.403846 1.893939 1.618123 1.412429 1.253133 1.126126 
 3.558719 2.403846 1.893939 1.618123 1.412429 1.253133 1.126126 
 3.300330 2.544529 1.893939 1.618123 1.412429 1.253133 1.126126 
 3.558719 2.544529 1.893939 1.618123 1.412429 1.253133 1.126126 
 3.067485 2.403846 1.976285 1.618123 1.412429 1.253133 1.126126 
 3.289474 2.403846 1.976285 1.618123 1.412429 1.253133 1.126126 
 3.558719 2.403846 1.976285 1.618123 1.412429 1.253133 1.126126 
 3.289474 2.538071 1.976285 1.618123 1.412429 1.253133 1.126126 
 3.546099 2.538071 1.976285 1.618123 1.412429 1.253133 1.126126 
 3.558719 2.695418 1.976285 1.618123 1.412429 1.253133 1.126126 
 3.300330 2.544529 2.070393 1.618123 1.412429 1.253133 1.126126 
 3.558719 2.544529 2.070393 1.618123 1.412429 1.253133 1.126126 
 3.558719 2.695418 2.070393 1.618123 1.412429 1.253133 1.126126 
 3.067485 2.403846 1.976285 1.677852 1.412429 1.253133 1.126126 
 3.289474 2.403846 1.976285 1.677852 1.412429 1.253133 1.126126 
 3.558719 2.403846 1.976285 1.677852 1.412429 1.253133 1.126126 
 3.289474 2.538071 1.976285 1.677852 1.412429 1.253133 1.126126 
 3.546099 2.538071 1.976285 1.677852 1.412429 1.253133 1.126126 
 3.558719 2.695418 1.976285 1.677852 1.412429 1.253133 1.126126 
 3.289474 2.538071 2.066116 1.677852 1.412429 1.253133 1.126126 
 3.546099 2.538071 2.066116 1.677852 1.412429 1.253133 1.126126 
 3.546099 2.688172 2.066116 1.677852 1.412429 1.253133 1.126126 
 3.846154 2.688172 2.066116 1.677852 1.412429 1.253133 1.126126 
 3.558719 2.695418 2.169197 1.677852 1.412429 1.253133 1.126126 
 3.300330 2.544529 2.070393 1.745201 1.412429 1.253133 1.126126 
 3.558719 2.544529 2.070393 1.745201 1.412429 1.253133 1.126126 
 3.558719 2.695418 2.070393 1.745201 1.412429 1.253133 1.126126 
 3.558719 2.695418 2.169197 1.745201 1.412429 1.253133 1.126126 
 3.067485 2.403846 1.976285 1.677852 1.457726 1.253133 1.126126 
 3.289474 2.403846 1.976285 1.677852 1.457726 1.253133 1.126126 
 3.558719 2.403846 1.976285 1.677852 1.457726 1.253133 1.126126 
 3.289474 2.538071 1.976285 1.677852 1.457726 1.253133 1.126126 
 3.546099 2.538071 1.976285 1.677852 1.457726 1.253133 1.126126 
 3.558719 2.695418 1.976285 1.677852 1.457726 1.253133 1.126126 
 3.289474 2.538071 2.066116 1.677852 1.457726 1.253133 1.126126 
 3.546099 2.538071 2.066116 1.677852 1.457726 1.253133 1.126126 
 3.546099 2.688172 2.066116 1.677852 1.457726 1.253133 1.126126 
 3.846154 2.688172 2.066116 1.677852 1.457726 1.253133 1.126126 
 3.558719 2.695418 2.169197 1.677852 1.457726 1.253133 1.126126 
 3.289474 2.538071 2.066116 1.742160 1.457726 1.253133 1.126126 
 3.546099 2.538071 2.066116 1.742160 1.457726 1.253133 1.126126 
 3.546099 2.688172 2.066116 1.742160 1.457726 1.253133 1.126126 
 3.846154 2.688172 2.066116 1.742160 1.457726 1.253133 1.126126 
 3.546099 2.688172 2.164502 1.742160 1.457726 1.253133 1.126126 
 3.846154 2.688172 2.164502 1.742160 1.457726 1.253133 1.126126 
 3.846154 2.857143 2.164502 1.742160 1.457726 1.253133 1.126126 
 3.558719 2.695418 2.169197 1.814882 1.457726 1.253133 1.126126 
 3.300330 2.544529 2.070393 1.745201 1.508296 1.253133 1.126126 
 3.558719 2.544529 2.070393 1.745201 1.508296 1.253133 1.126126 
 3.558719 2.695418 2.070393 1.745201 1.508296 1.253133 1.126126 
 3.558719 2.695418 2.169197 1.745201 1.508296 1.253133 1.126126 
 3.558719 2.695418 2.169197 1.814882 1.508296 1.253133 1.126126 
 3.067485 2.403846 1.976285 1.677852 1.457726 1.288660 1.126126 
 3.289474 2.403846 1.976285 1.677852 1.457726 1.288660 1.126126 
 3.558719 2.403846 1.976285 1.677852 1.457726 1.288660 1.126126 
 3.289474 2.538071 1.976285 1.677852 1.457726 1.288660 1.126126 
 3.546099 2.538071 1.976285 1.677852 1.457726 1.288660 1.126126 
 3.558719 2.695418 1.976285 1.677852 1.457726 1.288660 1.126126 
 3.289474 2.538071 2.066116 1.677852 1.457726 1.288660 1.126126 
 3.546099 2.538071 2.066116 1.677852 1.457726 1.288660 1.126126 
 3.546099 2.688172 2.066116 1.677852 1.457726 1.288660 1.126126 
 3.846154 2.688172 2.066116 1.677852 1.457726 1.288660 1.126126 
 3.558719 2.695418 2.169197 1.677852 1.457726 1.288660 1.126126 
 3.289474 2.538071 2.066116 1.742160 1.457726 1.288660 1.126126 
 3.546099 2.538071 2.066116 1.742160 1.457726 1.288660 1.126126 
 3.546099 2.688172 2.066116 1.742160 1.457726 1.288660 1.126126 
 3.846154 2.688172 2.066116 1.742160 1.457726 1.288660 1.126126 
 3.546099 2.688172 2.164502 1.742160 1.457726 1.288660 1.126126 
 3.846154 2.688172 2.164502 1.742160 1.457726 1.288660 1.126126 
 3.846154 2.857143 2.164502 1.742160 1.457726 1.288660 1.126126 
 3.558719 2.695418 2.169197 1.814882 1.457726 1.288660 1.126126 
 3.289474 2.538071 2.066116 1.742160 1.506024 1.288660 1.126126 
 3.546099 2.538071 2.066116 1.742160 1.506024 1.288660 1.126126 
 3.546099 2.688172 2.066116 1.742160 1.506024 1.288660 1.126126 
 3.846154 2.688172 2.066116 1.742160 1.506024 1.288660 1.126126 
 3.546099 2.688172 2.164502 1.742160 1.506024 1.288660 1.126126 
 3.846154 2.688172 2.164502 1.742160 1.506024 1.288660 1.126126 
 3.846154 2.857143 2.164502 1.742160 1.506024 1.288660 1.126126 
 3.546099 2.688172 2.164502 1.811594 1.506024 1.288660 1.126126 
 3.846154 2.688172 2.164502 1.811594 1.506024 1.288660 1.126126 
 3.846154 2.857143 2.164502 1.811594 1.506024 1.288660 1.126126 
 3.846154 2.857143 2.272727 1.811594 1.506024 1.288660 1.126126 
 3.558719 2.695418 2.169197 1.814882 1.560062 1.288660 1.126126 
 3.300330 2.544529 2.070393 1.745201 1.508296 1.328021 1.126126 
 3.558719 2.544529 2.070393 1.745201 1.508296 1.328021 1.126126 
 3.558719 2.695418 2.070393 1.745201 1.508296 1.328021 1.126126 
 3.558719 2.695418 2.169197 1.745201 1.508296 1.328021 1.126126 
 3.558719 2.695418 2.169197 1.814882 1.508296 1.328021 1.126126 
 3.558719 2.695418 2.169197 1.814882 1.560062 1.328021 1.126126 
 3.076923 2.409639 1.980198 1.680672 1.459854 1.290323 1.156069 
 3.300330 2.409639 1.980198 1.680672 1.459854 1.290323 1.156069 
 3.571429 2.409639 1.980198 1.680672 1.459854 1.290323 1.156069 
 3.300330 2.544529 1.980198 1.680672 1.459854 1.290323 1.156069 
 3.558719 2.544529 1.980198 1.680672 1.459854 1.290323 1.156069 
 3.571429 2.702703 1.980198 1.680672 1.459854 1.290323 1.156069 
 3.300330 2.544529 2.070393 1.680672 1.459854 1.290323 1.156069 
 3.558719 2.544529 2.070393 1.680672 1.459854 1.290323 1.156069 
 3.558719 2.695418 2.070393 1.680672 1.459854 1.290323 1.156069 
 3.571429 2.702703 2.173913 1.680672 1.459854 1.290323 1.156069 
 3.300330 2.544529 2.070393 1.745201 1.459854 1.290323 1.156069 
 3.558719 2.544529 2.070393 1.745201 1.459854 1.290323 1.156069 
 3.558719 2.695418 2.070393 1.745201 1.459854 1.290323 1.156069 
 3.558719 2.695418 2.169197 1.745201 1.459854 1.290323 1.156069 
 3.571429 2.702703 2.173913 1.818182 1.459854 1.290323 1.156069 
 3.300330 2.544529 2.070393 1.745201 1.508296 1.290323 1.156069 
 3.558719 2.544529 2.070393 1.745201 1.508296 1.290323 1.156069 
 3.558719 2.695418 2.070393 1.745201 1.508296 1.290323 1.156069 
 3.558719 2.695418 2.169197 1.745201 1.508296 1.290323 1.156069 
 3.558719 2.695418 2.169197 1.814882 1.508296 1.290323 1.156069 
 3.571429 2.702703 2.173913 1.818182 1.562500 1.290323 1.156069 
 3.300330 2.544529 2.070393 1.745201 1.508296 1.328021 1.156069 
 3.558719 2.544529 2.070393 1.745201 1.508296 1.328021 1.156069 
 3.558719 2.695418 2.070393 1.745201 1.508296 1.328021 1.156069 
 3.558719 2.695418 2.169197 1.745201 1.508296 1.328021 1.156069 
 3.558719 2.695418 2.169197 1.814882 1.508296 1.328021 1.156069 
 3.558719 2.695418 2.169197 1.814882 1.560062 1.328021 1.156069 
 3.571429 2.702703 2.173913 1.818182 1.562500 1.369863 1.156069 
