 2.272727 1.923077 1.666667 1.470588 1.315789 1.190476 1.086957 
 2.500000 1.923077 1.666667 1.470588 1.315789 1.190476 1.086957 
 2.500000 2.083333 1.666667 1.470588 1.315789 1.190476 1.086957 
 2.777778 2.083333 1.666667 1.470588 1.315789 1.190476 1.086957 
 2.500000 2.083333 1.785714 1.470588 1.315789 1.190476 1.086957 
 2.777778 2.083333 1.785714 1.470588 1.315789 1.190476 1.086957 
 2.777778 2.272727 1.785714 1.470588 1.315789 1.190476 1.086957 
 3.125000 2.272727 1.785714 1.470588 1.315789 1.190476 1.086957 
 2.500000 2.083333 1.785714 1.562500 1.315789 1.190476 1.086957 
 2.777778 2.083333 1.785714 1.562500 1.315789 1.190476 1.086957 
 2.777778 2.272727 1.785714 1.562500 1.315789 1.190476 1.086957 
 3.125000 2.272727 1.785714 1.562500 1.315789 1.190476 1.086957 
 2.777778 2.272727 1.923077 1.562500 1.315789 1.190476 1.086957 
 3.125000 2.272727 1.923077 1.562500 1.315789 1.190476 1.086957 
 3.125000 2.500000 1.923077 1.562500 1.315789 1.190476 1.086957 
 3.571429 2.500000 1.923077 1.562500 1.315789 1.190476 1.086957 
 2.500000 2.083333 1.785714 1.562500 1.388889 1.190476 1.086957 
 2.777778 2.083333 1.785714 1.562500 1.388889 1.190476 1.086957 
 2.777778 2.272727 1.785714 1.562500 1.388889 1.190476 1.086957 
 3.125000 2.272727 1.785714 1.562500 1.388889 1.190476 1.086957 
 2.777778 2.272727 1.923077 1.562500 1.388889 1.190476 1.086957 
 3.125000 2.272727 1.923077 1.562500 1.388889 1.190476 1.086957 
 3.125000 2.500000 1.923077 1.562500 1.388889 1.190476 1.086957 
 3.571429 2.500000 1.923077 1.562500 1.388889 1.190476 1.086957 
 2.777778 2.272727 1.923077 1.666667 1.388889 1.190476 1.086957 
 3.125000 2.272727 1.923077 1.666667 1.388889 1.190476 1.086957 
 3.125000 2.500000 1.923077 1.666667 1.388889 1.190476 1.086957 
 3.571429 2.500000 1.923077 1.666667 1.388889 1.190476 1.086957 
 3.125000 2.500000 2.083333 1.666667 1.388889 1.190476 1.086957 
 3.571429 2.500000 2.083333 1.666667 1.388889 1.190476 1.086957 
 3.571429 2.777778 2.083333 1.666667 1.388889 1.190476 1.086957 
 4.166667 2.777778 2.083333 1.666667 1.388889 1.190476 1.086957 
 2.500000 2.083333 1.785714 1.562500 1.388889 1.250000 1.086957 
 2.777778 2.083333 1.785714 1.562500 1.388889 1.250000 1.086957 
 2.777778 2.272727 1.785714 1.562500 1.388889 1.250000 1.086957 
 3.125000 2.272727 1.785714 1.562500 1.388889 1.250000 1.086957 
 2.777778 2.272727 1.923077 1.562500 1.388889 1.250000 1.086957 
 3.125000 2.272727 1.923077 1.562500 1.388889 1.250000 1.086957 
 3.125000 2.500000 1.923077 1.562500 1.388889 1.250000 1.086957 
 3.571429 2.500000 1.923077 1.562500 1.388889 1.250000 1.086957 
 2.777778 2.272727 1.923077 1.666667 1.388889 1.250000 1.086957 
 3.125000 2.272727 1.923077 1.666667 1.388889 1.250000 1.086957 
 3.125000 2.500000 1.923077 1.666667 1.388889 1.250000 1.086957 
 3.571429 2.500000 1.923077 1.666667 1.388889 1.250000 1.086957 
 3.125000 2.500000 2.083333 1.666667 1.388889 1.250000 1.086957 
 3.571429 2.500000 2.083333 1.666667 1.388889 1.250000 1.086957 
 3.571429 2.777778 2.083333 1.666667 1.388889 1.250000 1.086957 
 4.166667 2.777778 2.083333 1.666667 1.388889 1.250000 1.086957 
 2.777778 2.272727 1.923077 1.666667 1.470588 1.250000 1.086957 
 3.125000 2.272727 1.923077 1.666667 1.470588 1.250000 1.086957 
 3.125000 2.500000 1.923077 1.666667 1.470588 1.250000 1.086957 
 3.571429 2.500000 1.923077 1.666667 1.470588 1.250000 1.086957 
 3.125000 2.500000 2.083333 1.666667 1.470588 1.250000 1.086957 
 3.571429 2.500000 2.083333 1.666667 1.470588 1.250000 1.086957 
 3.571429 2.777778 2.083333 1.666667 1.470588 1.250000 1.086957 
 4.166667 2.777778 2.083333 1.666667 1.470588 1.250000 1.086957 
 3.125000 2.500000 2.083333 1.785714 1.470588 1.250000 1.086957 
 3.571429 2.500000 2.083333 1.785714 1.470588 1.250000 1.086957 
 3.571429 2.777778 2.083333 1.785714 1.470588 1.250000 1.086957 
 4.166667 2.777778 2.083333 1.785714 1.470588 1.250000 1.086957 
 3.571429 2.777778 2.272727 1.785714 1.470588 1.250000 1.086957 
 4.166667 2.777778 2.272727 1.785714 1.470588 1.250000 1.086957 
 4.166667 3.125000 2.272727 1.785714 1.470588 1.250000 1.086957 
 5.000000 3.125000 2.272727 1.785714 1.470588 1.250000 1.086957 
 2.500000 2.083333 1.785714 1.562500 1.388889 1.250000 1.136364 
 2.777778 2.083333 1.785714 1.562500 1.388889 1.250000 1.136364 
 2.777778 2.272727 1.785714 1.562500 1.388889 1.250000 1.136364 
 3.125000 2.272727 1.785714 1.562500 1.388889 1.250000 1.136364 
 2.777778 2.272727 1.923077 1.562500 1.388889 1.250000 1.136364 
 3.125000 2.272727 1.923077 1.562500 1.388889 1.250000 1.136364 
 3.125000 2.500000 1.923077 1.562500 1.388889 1.250000 1.136364 
 3.571429 2.500000 1.923077 1.562500 1.388889 1.250000 1.136364 
 2.777778 2.272727 1.923077 1.666667 1.388889 1.250000 1.136364 
 3.125000 2.272727 1.923077 1.666667 1.388889 1.250000 1.136364 
 3.125000 2.500000 1.923077 1.666667 1.388889 1.250000 1.136364 
 3.571429 2.500000 1.923077 1.666667 1.388889 1.250000 1.136364 
 3.125000 2.500000 2.083333 1.666667 1.388889 1.250000 1.136364 
 3.571429 2.500000 2.083333 1.666667 1.388889 1.250000 1.136364 
 3.571429 2.777778 2.083333 1.666667 1.388889 1.250000 1.136364 
 4.166667 2.777778 2.083333 1.666667 1.388889 1.250000 1.136364 
 2.777778 2.272727 1.923077 1.666667 1.470588 1.250000 1.136364 
 3.125000 2.272727 1.923077 1.666667 1.470588 1.250000 1.136364 
 3.125000 2.500000 1.923077 1.666667 1.470588 1.250000 1.136364 
 3.571429 2.500000 1.923077 1.666667 1.470588 1.250000 1.136364 
 3.125000 2.500000 2.083333 1.666667 1.470588 1.250000 1.136364 
 3.571429 2.500000 2.083333 1.666667 1.470588 1.250000 1.136364 
 3.571429 2.777778 2.083333 1.666667 1.470588 1.250000 1.136364 
 4.166667 2.777778 2.083333 1.666667 1.470588 1.250000 1.136364 
 3.125000 2.500000 2.083333 1.785714 1.470588 1.250000 1.136364 
 3.571429 2.500000 2.083333 1.785714 1.470588 1.250000 1.136364 
 3.571429 2.777778 2.083333 1.785714 1.470588 1.250000 1.136364 
 4.166667 2.777778 2.083333 1.785714 1.470588 1.250000 1.136364 
 3.571429 2.777778 2.272727 1.785714 1.470588 1.250000 1.136364 
 4.166667 2.777778 2.272727 1.785714 1.470588 1.250000 1.136364 
 4.166667 3.125000 2.272727 1.785714 1.470588 1.250000 1.136364 
 5.000000 3.125000 2.272727 1.785714 1.470588 1.250000 1.136364 
 2.777778 2.272727 1.923077 1.666667 1.470588 1.315789 1.136364 
 3.125000 2.272727 1.923077 1.666667 1.470588 1.315789 1.136364 
 3.125000 2.500000 1.923077 1.666667 1.470588 1.315789 1.136364 
 3.571429 2.500000 1.923077 1.666667 1.470588 1.315789 1.136364 
 3.125000 2.500000 2.083333 1.666667 1.470588 1.315789 1.136364 
 3.571429 2.500000 2.083333 1.666667 1.470588 1.315789 1.136364 
 3.571429 2.777778 2.083333 1.666667 1.470588 1.315789 1.136364 
 4.166667 2.777778 2.083333 1.666667 1.470588 1.315789 1.136364 
 3.125000 2.500000 2.083333 1.785714 1.470588 1.315789 1.136364 
 3.571429 2.500000 2.083333 1.785714 1.470588 1.315789 1.136364 
 3.571429 2.777778 2.083333 1.785714 1.470588 1.315789 1.136364 
 4.166667 2.777778 2.083333 1.785714 1.470588 1.315789 1.136364 
 3.571429 2.777778 2.272727 1.785714 1.470588 1.315789 1.136364 
 4.166667 2.777778 2.272727 1.785714 1.470588 1.315789 1.136364 
 4.166667 3.125000 2.272727 1.785714 1.470588 1.315789 1.136364 
 5.000000 3.125000 2.272727 1.785714 1.470588 1.315789 1.136364 
 3.125000 2.500000 2.083333 1.785714 1.562500 1.315789 1.136364 
 3.571429 2.500000 2.083333 1.785714 1.562500 1.315789 1.136364 
 3.571429 2.777778 2.083333 1.785714 1.562500 1.315789 1.136364 
 4.166667 2.777778 2.083333 1.785714 1.562500 1.315789 1.136364 
 3.571429 2.777778 2.272727 1.785714 1.562500 1.315789 1.136364 
 4.166667 2.777778 2.272727 1.785714 1.562500 1.315789 1.136364 
 4.166667 3.125000 2.272727 1.785714 1.562500 1.315789 1.136364 
 5.000000 3.125000 2.272727 1.785714 1.562500 1.315789 1.136364 
 3.571429 2.777778 2.272727 1.923077 1.562500 1.315789 1.136364 
 4.166667 2.777778 2.272727 1.923077 1.562500 1.315789 1.136364 
 4.166667 3.125000 2.272727 1.923077 1.562500 1.315789 1.136364 
 5.000000 3.125000 2.272727 1.923077 1.562500 1.315789 1.136364 
 4.166667 3.125000 2.500000 1.923077 1.562500 1.315789 1.136364 
 5.000000 3.125000 2.500000 1.923077 1.562500 1.315789 1.136364 
 5.000000 3.571429 2.500000 1.923077 1.562500 1.315789 1.136364 
 6.250000 3.571429 2.500000 1.923077 1.562500 1.315789 1.136364 
