2.000000 1.666667 1.428571 1.250000 1.111111
2.222222 1.666667 1.428571 1.250000 1.111111
2.222222 1.818182 1.428571 1.250000 1.111111
2.500000 1.818182 1.428571 1.250000 1.111111
2.222222 1.818182 1.538462 1.250000 1.111111
2.500000 1.818182 1.538462 1.250000 1.111111
2.500000 2.000000 1.538462 1.250000 1.111111
2.857143 2.000000 1.538462 1.250000 1.111111
2.222222 1.818182 1.538462 1.333333 1.111111
2.500000 1.818182 1.538462 1.333333 1.111111
2.500000 2.000000 1.538462 1.333333 1.111111
2.857143 2.000000 1.538462 1.333333 1.111111
2.500000 2.000000 1.666667 1.333333 1.111111
2.857143 2.000000 1.666667 1.333333 1.111111
2.857143 2.222222 1.666667 1.333333 1.111111
3.333333 2.222222 1.666667 1.333333 1.111111
2.222222 1.818182 1.538462 1.333333 1.176471
2.500000 1.818182 1.538462 1.333333 1.176471
2.500000 2.000000 1.538462 1.333333 1.176471
2.857143 2.000000 1.538462 1.333333 1.176471
2.500000 2.000000 1.666667 1.333333 1.176471
2.857143 2.000000 1.666667 1.333333 1.176471
2.857143 2.222222 1.666667 1.333333 1.176471
3.333333 2.222222 1.666667 1.333333 1.176471
2.500000 2.000000 1.666667 1.428571 1.176471
2.857143 2.000000 1.666667 1.428571 1.176471
2.857143 2.222222 1.666667 1.428571 1.176471
3.333333 2.222222 1.666667 1.428571 1.176471
2.857143 2.222222 1.818182 1.428571 1.176471
3.333333 2.222222 1.818182 1.428571 1.176471
3.333333 2.500000 1.818182 1.428571 1.176471
4.000000 2.500000 1.818182 1.428571 1.176471
